113034 18 
113468 8
113450 18
113476 6
116726 2

116351 12 
116319 4 113476
113042 8 113034
113093 4

116394 12 116351
117889 4 116319
113107 4
113417 4 113042
115045 8 113034

117366 12 113450 | 116319
117897 8 117889
116327 4 116319 115045
117901 4 116319
116572 4 116319 113042 115045

116343 8 116319
117935 8 116394 117897
116441 4 117889 | 116343
116378 4 116327
116653 4 116319 117366

116432 12 116319 116394
117960 4 117935
116882 18 113107
116416 8 116319 | 116378
117943 4 116319 115045

117536 4 113034  117889 | 116319
117951 4 116343 116432 116882
117927 4 116572 |  116424

117919 2  116921
116912 4

116921 4 116912 